0 0.66562500 0.58203125 0.04375000 0.06406250
0 0.48281250 0.71250000 0.05000000 0.06562500
0 0.30468750 0.76093750 0.06875000 0.05312500
0 0.48125000 0.90546875 0.05000000 0.06093750
1 0.68281250 0.70859375 0.04375000 0.07968750
1 0.88593750 0.90234375 0.04375000 0.09531250
2 0.37890625 0.91093750 0.03906250 0.05312500
2 0.74062500 0.97031250 0.05625000 0.05625000
3 0.88906250 0.68984375 0.04375000 0.06718750
3 0.77656250 0.75078125 0.05000000 0.04843750
3 0.30546875 0.84843750 0.04531250 0.05000000
4 0.81875000 0.63046875 0.04062500 0.05156250
4 0.51171875 0.72265625 0.04531250 0.04218750
5 0.73203125 0.76406250 0.05781250 0.03437500
5 0.53437500 0.76718750 0.06250000 0.03750000
