0 0.34140625 0.49687500 0.05781250 0.05000000
0 0.28671875 0.56562500 0.06093750 0.07187500
1 0.65078125 0.54765625 0.03906250 0.06406250
1 0.59062500 0.58437500 0.04687500 0.05312500
1 0.32421875 0.70078125 0.03906250 0.07968750
2 0.51796875 0.53906250 0.05468750 0.04375000
3 0.17578125 0.52890625 0.05156250 0.04843750
3 0.35859375 0.60703125 0.04218750 0.05156250
4 0.26250000 0.65390625 0.04687500 0.05156250
4 0.67656250 0.66484375 0.04062500 0.04843750
5 0.57656250 0.94296875 0.04375000 0.04531250
