0 0.87578125 0.18593750 0.06093750 0.05312500
0 0.25546875 0.33750000 0.05156250 0.04062500
0 0.10468750 0.66406250 0.05000000 0.05312500
1 0.81093750 0.43359375 0.04375000 0.08281250
1 0.93984375 0.54531250 0.07656250 0.05625000
2 0.04296875 0.14140625 0.05781250 0.05468750
2 0.39218750 0.41718750 0.04062500 0.04687500
3 0.72031250 0.41796875 0.05000000 0.04843750
3 0.19921875 0.81796875 0.05468750 0.05468750
4 0.20390625 0.62812500 0.04531250 0.04062500
5 0.04140625 0.35703125 0.04218750 0.03906250
