0 0.57187500 0.64687500 0.13437500 0.10937500
0 0.87500000 0.66640625 0.05312500 0.08906250
0 0.46015625 0.74062500 0.08906250 0.07187500
0 0.70859375 0.80390625 0.08593750 0.04843750
1 0.79609375 0.24609375 0.04218750 0.09218750
1 0.15390625 0.78906250 0.07031250 0.07500000
1 0.89062500 0.89687500 0.09062500 0.06875000
2 0.91640625 0.15156250 0.05468750 0.05312500
3 0.47187500 0.05859375 0.07187500 0.06406250
3 0.56718750 0.14375000 0.04375000 0.06562500
4 0.31015625 0.31484375 0.05468750 0.08281250
5 0.08281250 0.23046875 0.05625000 0.07968750
