0 0.64687500 0.38281250 0.05312500 0.04687500
0 0.74062500 0.47656250 0.07500000 0.04687500
1 0.73437500 0.13750000 0.04062500 0.08437500
1 0.13515625 0.13750000 0.05781250 0.05000000
2 0.34140625 0.13046875 0.05156250 0.04218750
2 0.85390625 0.81093750 0.05468750 0.06250000
3 0.27812500 0.13437500 0.04375000 0.03750000
3 0.28984375 0.40156250 0.05156250 0.04062500
4 0.40000000 0.13125000 0.04687500 0.04062500
4 0.16640625 0.52500000 0.05468750 0.04375000
5 0.31328125 0.06250000 0.04843750 0.03750000
5 0.55703125 0.15312500 0.04531250 0.04375000
