0 0.70937500 0.09921875 0.04062500 0.05468750
0 0.27968750 0.21171875 0.04375000 0.05781250
1 0.24609375 0.07812500 0.06718750 0.06562500
1 0.22656250 0.44609375 0.04062500 0.06718750
2 0.62109375 0.19921875 0.05781250 0.05468750
2 0.73828125 0.27734375 0.05468750 0.04218750
3 0.65625000 0.12890625 0.05000000 0.03906250
3 0.31640625 0.17421875 0.05156250 0.03906250
4 0.38906250 0.30078125 0.05625000 0.03906250
4 0.41406250 0.42187500 0.06250000 0.03750000
5 0.06093750 0.08359375 0.04062500 0.04218750
5 0.57187500 0.24140625 0.05937500 0.04843750
