0 0.20390625 0.47187500 0.03906250 0.05937500
0 0.63906250 0.72343750 0.06875000 0.04375000
1 0.09531250 0.41640625 0.03750000 0.07343750
1 0.52109375 0.57656250 0.09218750 0.06562500
2 0.89531250 0.71250000 0.05625000 0.03750000
2 0.10156250 0.79531250 0.05312500 0.04062500
3 0.52031250 0.16640625 0.03750000 0.04843750
3 0.33593750 0.55468750 0.04375000 0.04687500
4 0.80312500 0.11484375 0.05000000 0.03906250
4 0.42265625 0.57109375 0.04531250 0.03906250
5 0.40156250 0.23828125 0.04375000 0.03906250
5 0.67500000 0.62656250 0.04687500 0.03750000
