0 0.36640625 0.22187500 0.05468750 0.04062500
0 0.50312500 0.50625000 0.06250000 0.04375000
0 0.27109375 0.54687500 0.06093750 0.05000000
1 0.63593750 0.60546875 0.08437500 0.05468750
1 0.37343750 0.73437500 0.05000000 0.12187500
1 0.88828125 0.73828125 0.07343750 0.03906250
2 0.74140625 0.18828125 0.05156250 0.04218750
3 0.56015625 0.32500000 0.04843750 0.04375000
3 0.62812500 0.32656250 0.05000000 0.04687500
4 0.15000000 0.76093750 0.05625000 0.05312500
5 0.24453125 0.91328125 0.05156250 0.04531250
