0 0.94062500 0.64843750 0.07812500 0.03750000
0 0.03671875 0.82812500 0.06093750 0.04062500
1 0.09921875 0.91796875 0.03906250 0.04531250
2 0.62968750 0.12031250 0.04375000 0.04062500
2 0.44218750 0.27109375 0.04687500 0.03906250
3 0.83203125 0.30859375 0.04531250 0.05781250
3 0.97343750 0.58125000 0.04062500 0.05000000
4 0.11875000 0.12421875 0.04062500 0.05156250
4 0.56328125 0.38593750 0.04531250 0.04062500
5 0.82109375 0.06406250 0.04531250 0.04062500
5 0.10468750 0.94687500 0.04375000 0.03750000
