0 0.29062500 0.32109375 0.04687500 0.06093750
0 0.13593750 0.40078125 0.04687500 0.04843750
1 0.24218750 0.26015625 0.06250000 0.03906250
1 0.18046875 0.50625000 0.05781250 0.05937500
1 0.70625000 0.63046875 0.04687500 0.08593750
2 0.72578125 0.03671875 0.04218750 0.05156250
2 0.72109375 0.55546875 0.05781250 0.05468750
3 0.50234375 0.26875000 0.05468750 0.06875000
3 0.88515625 0.33828125 0.04843750 0.04843750
4 0.72500000 0.32343750 0.04375000 0.05312500
5 0.03671875 0.31484375 0.04531250 0.04843750
