0 0.19453125 0.37812500 0.09843750 0.07812500
2 0.72031250 0.07734375 0.04062500 0.04218750
2 0.63203125 0.45703125 0.06718750 0.05156250
2 0.17421875 0.46796875 0.05156250 0.04531250
2 0.48515625 0.63515625 0.05156250 0.04218750
3 0.34765625 0.20390625 0.04531250 0.04843750
3 0.23984375 0.28046875 0.04531250 0.05156250
3 0.62812500 0.28593750 0.05312500 0.04062500
4 0.30078125 0.60468750 0.05156250 0.05937500
4 0.12578125 0.80781250 0.04843750 0.05625000
5 0.30078125 0.31328125 0.05781250 0.06093750
5 0.47187500 0.87734375 0.03750000 0.06093750
