0 0.18359375 0.12812500 0.04531250 0.04375000
0 0.07500000 0.35937500 0.05000000 0.04687500
0 0.41953125 0.44296875 0.04531250 0.04218750
0 0.15390625 0.80078125 0.04843750 0.04531250
1 0.36718750 0.13359375 0.05312500 0.03906250
1 0.55468750 0.60703125 0.05625000 0.04218750
2 0.91718750 0.19609375 0.04062500 0.04531250
2 0.27890625 0.96953125 0.04218750 0.04218750
3 0.65859375 0.38671875 0.04531250 0.04531250
3 0.90156250 0.44218750 0.05000000 0.04062500
4 0.77812500 0.78359375 0.05000000 0.04843750
5 0.94140625 0.24687500 0.04218750 0.04062500
