0 0.09921875 0.76015625 0.06093750 0.04531250
0 0.05703125 0.94218750 0.04218750 0.05625000
1 0.11015625 0.08281250 0.05468750 0.04062500
1 0.10390625 0.47500000 0.06406250 0.03750000
2 0.81171875 0.24531250 0.04531250 0.04687500
2 0.43359375 0.49921875 0.05156250 0.04218750
3 0.03906250 0.07421875 0.05000000 0.03906250
3 0.10234375 0.11875000 0.04531250 0.03750000
4 0.69765625 0.22734375 0.04531250 0.03906250
4 0.07500000 0.32031250 0.05000000 0.04062500
5 0.31953125 0.15859375 0.04531250 0.04218750
5 0.06406250 0.18750000 0.04375000 0.04375000
