0 0.68125000 0.19609375 0.05312500 0.05468750
0 0.07265625 0.83984375 0.04218750 0.05468750
1 0.84453125 0.16171875 0.03906250 0.07343750
1 0.26250000 0.16562500 0.08125000 0.04062500
1 0.85937500 0.86484375 0.06875000 0.04218750
2 0.90546875 0.50312500 0.04218750 0.04062500
3 0.65937500 0.48437500 0.05312500 0.04375000
3 0.44765625 0.54140625 0.05156250 0.04843750
4 0.92500000 0.45703125 0.04687500 0.04218750
4 0.55781250 0.74375000 0.04375000 0.04375000
5 0.69609375 0.25781250 0.04843750 0.04375000
