0 0.62890625 0.02421875 0.07031250 0.04843750
0 0.60000000 0.04531250 0.05937500 0.06250000
0 0.73671875 0.43984375 0.07656250 0.07656250
0 0.91953125 0.43203125 0.05468750 0.03906250
0 0.57812500 0.70859375 0.04687500 0.06718750
1 0.86796875 0.20859375 0.04218750 0.08906250
1 0.96640625 0.44218750 0.05156250 0.04687500
1 0.75546875 0.63359375 0.03906250 0.10156250
1 0.87421875 0.97812500 0.06406250 0.04062500
2 0.67343750 0.78828125 0.05000000 0.05781250
3 0.44921875 0.47812500 0.05156250 0.06562500
4 0.07812500 0.50546875 0.05312500 0.07343750
5 0.27578125 0.49375000 0.05156250 0.05625000
