0 0.07421875 0.07812500 0.05468750 0.06875000
0 0.20156250 0.17343750 0.06875000 0.03750000
1 0.56953125 0.09765625 0.05781250 0.05468750
1 0.37187500 0.44687500 0.04687500 0.03750000
2 0.23203125 0.38906250 0.03906250 0.04062500
2 0.13671875 0.78593750 0.04843750 0.05000000
3 0.68281250 0.22500000 0.04062500 0.04687500
3 0.72968750 0.33281250 0.04687500 0.04062500
4 0.29296875 0.34843750 0.03906250 0.05000000
4 0.35703125 0.55000000 0.04531250 0.04062500
5 0.49140625 0.28437500 0.05781250 0.04062500
5 0.45234375 0.39296875 0.03906250 0.05468750
