0 0.68906250 0.81640625 0.04062500 0.06093750
0 0.47968750 0.91484375 0.04062500 0.04843750
0 0.76484375 0.92343750 0.07343750 0.04375000
1 0.62265625 0.85156250 0.06406250 0.05312500
1 0.88671875 0.91171875 0.04218750 0.09218750
2 0.86250000 0.75703125 0.06562500 0.03906250
2 0.37421875 0.89218750 0.04531250 0.05625000
3 0.96015625 0.70312500 0.05781250 0.05000000
3 0.76875000 0.86406250 0.05000000 0.05000000
4 0.52500000 0.77734375 0.04687500 0.05156250
5 0.53906250 0.97031250 0.05000000 0.04687500
