0 0.16953125 0.08437500 0.06406250 0.06250000
0 0.90390625 0.09843750 0.05156250 0.04687500
1 0.85703125 0.08515625 0.07968750 0.05468750
1 0.07656250 0.26562500 0.07500000 0.04687500
2 0.13046875 0.52656250 0.04218750 0.05625000
2 0.95000000 0.52109375 0.05000000 0.03906250
3 0.25156250 0.03281250 0.05312500 0.03750000
3 0.03281250 0.16093750 0.05000000 0.03750000
4 0.35078125 0.28593750 0.04218750 0.03750000
4 0.86640625 0.55546875 0.04531250 0.03906250
5 0.81093750 0.61562500 0.04375000 0.03750000
5 0.57265625 0.72656250 0.04531250 0.04687500
