0 0.76718750 0.54062500 0.05937500 0.04062500
0 0.74687500 0.72656250 0.05000000 0.04062500
0 0.97500000 0.77343750 0.04687500 0.05000000
1 0.74375000 0.62656250 0.05625000 0.04687500
1 0.62968750 0.77968750 0.08125000 0.04062500
2 0.06328125 0.62031250 0.05468750 0.03750000
2 0.35312500 0.92812500 0.05312500 0.04375000
3 0.82968750 0.46406250 0.05312500 0.05312500
3 0.81171875 0.64609375 0.04843750 0.05156250
4 0.49218750 0.27265625 0.04375000 0.03906250
4 0.86250000 0.94843750 0.04687500 0.03750000
5 0.20859375 0.09921875 0.04218750 0.04531250
5 0.52890625 0.45703125 0.04218750 0.03906250
