0 0.30781250 0.15000000 0.05312500 0.05937500
0 0.05703125 0.30156250 0.07343750 0.04687500
1 0.30859375 0.23125000 0.05468750 0.03750000
1 0.36875000 0.47812500 0.07187500 0.05312500
2 0.82500000 0.16484375 0.05312500 0.03906250
2 0.35937500 0.73593750 0.05000000 0.04687500
3 0.04296875 0.09218750 0.05156250 0.03750000
3 0.12578125 0.22421875 0.04843750 0.04531250
4 0.48828125 0.32031250 0.04218750 0.04687500
4 0.09921875 0.45859375 0.04531250 0.04531250
5 0.43750000 0.03281250 0.04687500 0.03750000
5 0.85546875 0.40625000 0.03906250 0.03750000
