0 0.24531250 0.42578125 0.05937500 0.05468750
0 0.16406250 0.78515625 0.05625000 0.04218750
1 0.10000000 0.20859375 0.06562500 0.05781250
1 0.26640625 0.69921875 0.05468750 0.07656250
1 0.26875000 0.84453125 0.05625000 0.04218750
2 0.37031250 0.45546875 0.05625000 0.04531250
2 0.56796875 0.49453125 0.05468750 0.04218750
2 0.49843750 0.79687500 0.05625000 0.05312500
4 0.24296875 0.07265625 0.06406250 0.05156250
4 0.57734375 0.24218750 0.07031250 0.05000000
5 0.65078125 0.33437500 0.06406250 0.04062500
