0 0.48828125 0.43359375 0.05156250 0.04843750
0 0.78125000 0.55390625 0.05000000 0.04218750
1 0.60468750 0.56953125 0.08437500 0.04218750
2 0.14531250 0.42968750 0.05000000 0.04062500
2 0.82500000 0.61484375 0.04375000 0.04531250
2 0.28203125 0.87890625 0.04531250 0.04218750
3 0.23281250 0.11796875 0.05000000 0.04531250
3 0.19843750 0.49765625 0.04687500 0.04218750
4 0.79843750 0.10000000 0.04687500 0.04687500
4 0.86093750 0.95546875 0.05312500 0.05468750
5 0.65390625 0.17343750 0.04531250 0.04062500
