0 0.15468750 0.21171875 0.05625000 0.06093750
0 0.65703125 0.41953125 0.05468750 0.04843750
1 0.80546875 0.15468750 0.04218750 0.08750000
1 0.21015625 0.33828125 0.04843750 0.05781250
1 0.28046875 0.43359375 0.04218750 0.06093750
2 0.44375000 0.55937500 0.05000000 0.05000000
3 0.29531250 0.36562500 0.05000000 0.04687500
3 0.46562500 0.44453125 0.05000000 0.05156250
4 0.51484375 0.28203125 0.05156250 0.05156250
4 0.39921875 0.73203125 0.05468750 0.04843750
5 0.41562500 0.20625000 0.05312500 0.04062500
