0 0.41171875 0.18984375 0.04218750 0.05468750
0 0.78359375 0.52890625 0.05468750 0.04843750
1 0.59765625 0.07109375 0.07343750 0.05468750
1 0.88203125 0.64453125 0.05781250 0.05156250
2 0.37109375 0.12734375 0.03906250 0.05156250
2 0.11015625 0.14375000 0.05156250 0.03750000
3 0.27968750 0.07500000 0.05625000 0.03750000
3 0.89531250 0.26796875 0.03750000 0.04843750
4 0.17500000 0.36015625 0.04687500 0.04531250
4 0.68593750 0.46093750 0.05312500 0.04062500
5 0.11171875 0.29375000 0.04531250 0.04062500
5 0.49843750 0.30390625 0.04375000 0.03906250
